02 200 48 1100 12100 600 13700 5963 500 7174 1000
03 150 48 1500 15700 1100 12500 8356 600 12318 1030
04 200 48 2000 16500 1500 10300 11628 600 8859 1000
05 150 48 1500 10700 1400 13400 4144 700 7771 1200
06 150 48 2200 14500 500 11700 11921 700 11255 1200
08 150 48 1400 11400 3200 16300 11030 700 8198 1300
09 150 48 800 10600 3500 18700 7234 800 13316 1200
10 200 49 4400 15900 900 12500 7187 200 10635 1200
11 200 48 2400 13700 900 11000 8649 500 2478 1200
12 150 48 2000 14800 900 11200 9174 550 1379 1100
# 13 two zones: OUT=13w go.py 13 250 48 1100 6600 800 12900 4605 800 7655 1400 ; OUT=13e go.py 13 250 49 7480 15540 800 12900 9325 200 7597 1400 ; merge
14 150 48 1500 15300 900 10100 3693 600 7585 1140
16 150 48 900 11600 3000 16000 7353 700 6291 1200
17 100 48 700 13000 3000 15700 7005 650 10752 1200
# 18: OUT=18a go.py 18 250 48 6000 15800 600 13100 10553 500 6815 1100 ; OUT=18b go.py 18 250 48 1500 15800 600 5300 10553 500 4940 1120 ; merge keep b where x<ax-300
19 150 48 2700 15200 600 11400 7152 650 8181 1100
20 150 48 1900 16800 700 13000 15005 600 3062 1200
21 150 48 1800 16700 800 10600 9221 600 4126 1200
# 22: OUT=22w go.py 22 250 48 700 7500 1300 15800 5416 800 9937 1600 ; OUT=22e go.py 22 250 49 7800 13600 1300 15800 9887 200 9937 1600 ; merge
23 200 49 700 13100 3200 17200 8655 300 6906 1400
# 24: OUT=24w go.py 24 200 48 1500 10400 800 11300 7620 800 3565 1300 ; OUT=24e go.py 24 200 49 11000 15700 800 11300 12739 190 3565 1300 ; merge
25 100 48 1400 16800 1000 12800 5505 650 11944 1150
26 150 48 2900 13200 3000 18700 6240 740 16148 1200
27 200 49 1200 11600 3400 16000 9599 300 9470 1300
# 28: LOCK=945 OUT=28w go.py 28 250 48 1900 9300 700 12900 7036 800 8625 1500 ; OUT=28e go.py 28 250 49 9400 14800 700 12900 11512 200 8625 1500 ; merge
29 150 48 2900 15100 900 10700 13264 600 5785 1100
30 200 49 1300 12300 4200 16300 2653 200 7890 1500
31 200 49 800 11800 3400 16700 7522 300 5485 1500
32 200 48 1000 12000 3000 17500 3508 700 10195 1300
33 150 48 2400 14100 600 11000 5107 730 7059 1160
34 200 48 700 10600 3200 16500 7890 800 16256 1300
# 35: OUT=35w go.py 35 200 48 1100 10700 1200 9700 8485 800 6066 1750 ; OUT=35e go.py 35 200 49 11700 16950 1200 9700 13325 200 6066 1750 ; merge
35 mask: MASKSCALE=11.687 MASKPOLY=52,43;1445,43;1445,815;648,815;648,1022;52,1022
36 200 49 1000 15200 600 13000 2746 200 1636 1700
# 37: OUT=37w go.py 37 200 48 1700 6800 3700 12600 4312 800 7515 1700 ; OUT=37e go.py 37 200 49 7000 16900 900 10000 9361 200 7515 1700 ; merge ; mask poly 570,90;1435,90;1435,830;668,830;668,1065;145,1065;145,320;570,320 scale 11.687
39 100 48 2100 15400 1100 10500 14071 600 4838 1140
40 200 48 1300 11300 3500 16000 3061 600 4790 1300
41 200 49 2300 11800 3100 16400 4800 200 12640 1300
42 200 48 1000 12200 600 11200 10670 800 7071 1800  (west only; east strip dropped)
43 150 48 2100 14600 600 11100 8111 640 3424 1100
44 150 48 1400 14500 600 11900 6288 600 8590 1100
